   1.0000000e+00   7.5000000e+01   2.0000000e+00   1.0000000e+00   0.0000000e+00   0.0000000e+00   6.5000000e+01   1.0000000e-01   6.6000000e+01
   1.0000000e+00   1.0000000e+02   1.0000000e+00   1.0000000e+00   0.0000000e+00   0.0000000e+00   8.0000000e+01   2.2000000e-01   8.1000000e+01
   1.0000000e+00   8.5000000e+01   5.0000000e+00   1.0000000e+00   1.0000000e+00   0.0000000e+00   6.0000000e+01   2.0500000e-01   6.0000000e+00
   1.0000000e+00   9.5000000e+01   3.0000000e+00   1.0000000e+00   1.0000000e+00   1.0000000e+00   5.5000000e+01   2.0500000e-01   2.7000000e+01
   1.0000000e+00   5.0000000e+01   2.0000000e+00   1.0000000e+00   1.0000000e+00   0.0000000e+00   2.5000000e+01   3.1500000e-01   6.0000000e+00
   1.0000000e+00   2.5000000e+01   3.0000000e+00   1.0000000e+00   1.0000000e+00   1.0000000e+00   4.0000000e+01   4.2500000e-01  -7.5000000e+01
   1.0000000e+00   6.0000000e+01   1.0000000e+00   1.0000000e+00   0.0000000e+00   1.0000000e+00   2.0000000e+01   5.5000000e-02  -5.0000000e+01
   1.0000000e+00   4.5000000e+01   3.0000000e+00   1.0000000e+00   0.0000000e+00   0.0000000e+00   4.5000000e+01   1.9500000e-01   5.3000000e+01


   2.0000000e+00   4.0000000e+00   3.0000000e+00   2.0000000e+01   4.0000000e+00   6.0000000e+00   7.0000000e+00   2.6000000e-01
   3.0000000e+00   4.0000000e+00   3.0000000e+00   4.0000000e+01   7.0000000e+00   2.0000000e+00   5.0000000e+00   1.9000000e-01
   4.0000000e+00   3.0000000e+00   3.0000000e+00   4.5000000e+01   1.0000000e+01   5.0000000e+00   4.0000000e+00   5.8000000e-01
   4.0000000e+00   5.0000000e+00   2.0000000e+00   1.0000000e+01   6.0000000e+00   3.0000000e+00   8.0000000e+00   9.0000000e-01
   3.0000000e+00   4.0000000e+00   1.0000000e+00   5.5000000e+01   2.0000000e+00   7.0000000e+00   4.0000000e+00   7.7000000e-01
   1.0000000e+00   1.0000000e+00   3.0000000e+00   5.5000000e+01   6.0000000e+00   9.0000000e+00   5.0000000e+00   8.2000000e-01
   3.0000000e+00   1.0000000e+00   3.0000000e+00   1.0000000e+02   6.0000000e+00   9.0000000e+00   4.0000000e+00   5.7000000e-01
   2.0000000e+00   3.0000000e+00   3.0000000e+00   5.5000000e+01   1.0000000e+01   6.0000000e+00   1.0000000e+00   3.7000000e-01
   4.0000000e+00   3.0000000e+00   1.0000000e+00   2.5000000e+01   1.0000000e+00   1.0000000e+01   1.0000000e+01   8.1000000e-01
   3.0000000e+00   4.0000000e+00   1.0000000e+00   3.0000000e+01   6.0000000e+00   4.0000000e+00   1.0000000e+00   9.9000000e-01
   2.0000000e+00   3.0000000e+00   1.0000000e+00   3.0000000e+01   4.0000000e+00   9.0000000e+00   8.0000000e+00   3.8000000e-01
   1.0000000e+00   4.0000000e+00   1.0000000e+00   6.0000000e+01   1.0000000e+00   7.0000000e+00   4.0000000e+00   5.0000000e-01




   1.0000000e+00   2.5000000e+01   1.0000000e+00   1.0000000e+00   0.0000000e+00   1.0000000e+00   3.5000000e+01   3.4500000e-01  -5.3000000e+01
   1.0000000e+00   9.0000000e+01   1.0000000e+00   1.0000000e+00   1.0000000e+00   0.0000000e+00   2.0000000e+01   4.0500000e-01   8.5000000e+01
   1.0000000e+00   4.0000000e+01   4.0000000e+00   1.0000000e+00   1.0000000e+00   0.0000000e+00   5.0000000e+00   8.5000000e-02   6.9000000e+01
   1.0000000e+00   2.0000000e+01   3.0000000e+00   1.0000000e+00   1.0000000e+00   1.0000000e+00   3.0000000e+01   3.4500000e-01   6.1000000e+01

   1.0000000e+00   4.0000000e+00   3.0000000e+00   7.5000000e+01   3.0000000e+00   8.0000000e+00   2.0000000e+00   4.5000000e-01
   4.0000000e+00   2.0000000e+00   1.0000000e+00   1.5000000e+01   1.0000000e+00   7.0000000e+00   3.0000000e+00   2.7000000e-01
   2.0000000e+00   1.0000000e+00   2.0000000e+00   1.5000000e+01   6.0000000e+00   7.0000000e+00   2.0000000e+00   4.2000000e-01
   3.0000000e+00   3.0000000e+00   1.0000000e+00   5.5000000e+01   7.0000000e+00   6.0000000e+00   1.0000000e+01   5.9000000e-01
   4.0000000e+00   1.0000000e+00   1.0000000e+00   8.5000000e+01   4.0000000e+00   2.0000000e+00   1.0000000e+01   3.5000000e-01
   4.0000000e+00   4.0000000e+00   3.0000000e+00   6.5000000e+01   8.0000000e+00   4.0000000e+00   3.0000000e+00   9.0000000e-01


   1.0000000e+00   5.5000000e+01   4.0000000e+00   1.0000000e+00   1.0000000e+00   0.0000000e+00   2.0000000e+01   4.5000000e-02   4.3000000e+01
   1.0000000e+00   5.0000000e+01   1.0000000e+00   1.0000000e+00   0.0000000e+00   0.0000000e+00   5.5000000e+01   2.9000000e-01   1.8000000e+01
   1.0000000e+00   3.5000000e+01   2.0000000e+00   1.0000000e+00   0.0000000e+00   0.0000000e+00   8.0000000e+01   4.8500000e-01  -5.6000000e+01
   1.0000000e+00   1.5000000e+01   2.0000000e+00   1.0000000e+00   0.0000000e+00   0.0000000e+00   5.0000000e+01   5.0000000e-03   3.0000000e+00

   3.0000000e+00   5.0000000e+00   1.0000000e+00   8.5000000e+01   9.0000000e+00   1.0000000e+01   1.0000000e+00   4.7000000e-01
   4.0000000e+00   2.0000000e+00   3.0000000e+00   5.5000000e+01   8.0000000e+00   5.0000000e+00   1.0000000e+00   9.0000000e-02
   1.0000000e+00   2.0000000e+00   3.0000000e+00   6.5000000e+01   9.0000000e+00   6.0000000e+00   7.0000000e+00   8.2000000e-01
   4.0000000e+00   5.0000000e+00   3.0000000e+00   1.0000000e+01   4.0000000e+00   1.0000000e+00   6.0000000e+00   8.0000000e-01
   1.0000000e+00   1.0000000e+00   2.0000000e+00   2.5000000e+01   8.0000000e+00   4.0000000e+00   7.0000000e+00   5.0000000e-01
   3.0000000e+00   5.0000000e+00   3.0000000e+00   1.5000000e+01   9.0000000e+00   4.0000000e+00   2.0000000e+00   3.9000000e-01


   1.0000000e+00   9.5000000e+01   5.0000000e+00   1.0000000e+00   0.0000000e+00   0.0000000e+00   5.0000000e+00   2.3000000e-01   2.7000000e+01
   1.0000000e+00   4.0000000e+01   4.0000000e+00   1.0000000e+00   1.0000000e+00   0.0000000e+00   3.5000000e+01   1.4500000e-01   3.5000000e+01
   1.0000000e+00   5.0000000e+01   1.0000000e+00   1.0000000e+00   1.0000000e+00   0.0000000e+00   2.0000000e+01   1.9500000e-01   7.9000000e+01
   1.0000000e+00   1.0000000e+02   4.0000000e+00   1.0000000e+00   1.0000000e+00   0.0000000e+00   1.0000000e+01   3.3000000e-01   1.1000000e+01

   2.0000000e+00   2.0000000e+00   2.0000000e+00   5.0000000e+01   3.0000000e+00   3.0000000e+00   5.0000000e+00   8.7000000e-01
   3.0000000e+00   2.0000000e+00   1.0000000e+00   5.0000000e+01   3.0000000e+00   3.0000000e+00   6.0000000e+00   9.0000000e-02
   2.0000000e+00   2.0000000e+00   3.0000000e+00   7.5000000e+01   7.0000000e+00   7.0000000e+00   4.0000000e+00   6.7000000e-01
   2.0000000e+00   3.0000000e+00   1.0000000e+00   4.5000000e+01   1.0000000e+00   3.0000000e+00   1.0000000e+01   2.4000000e-01
   3.0000000e+00   4.0000000e+00   3.0000000e+00   5.0000000e+01   6.0000000e+00   1.0000000e+00   1.0000000e+00   2.0000000e-01
   1.0000000e+00   1.0000000e+00   1.0000000e+00   6.0000000e+01   2.0000000e+00   1.0000000e+01   7.0000000e+00   5.5000000e-01


