error: [1 70 2 2 1 2.905760e+01 1123 2.345400e-02 2.755700e-02],
error: [1 70 5 2 1 1.564640e+01 2121 2.171900e-02 2.939200e-02],
error: [1 70 3 2 0 2.458720e+01 2111 -2.114400e-02 -2.670200e-02],
1,error: [1 70 4 2 1 1.341120e+01 2123 2.162600e-02 2.606400e-02],
error: [1 70 3 2 0 2.235200e+01 2211 -2.196400e-02 -2.814700e-02],

error: [1 70 2 2 1 2.905760e+01 1123 2.345400e-02 2.755700e-02],
error: [1 70 5 2 1 1.564640e+01 2121 2.171900e-02 2.939200e-02],
error: [1 70 3 2 0 2.458720e+01 2111 -2.114400e-02 -2.670200e-02],
1,error: [1 70 4 2 1 1.341120e+01 2123 2.162600e-02 2.606400e-02],
error: [1 70 3 2 0 2.235200e+01 2211 -2.196400e-02 -2.814700e-02],error: [1 70 2 2 1 2.905760e+01 1123 2.345400e-02 2.755700e-02],error: [1 70 2 2 1 2.905760e+01 1123 2.345400e-02 2.755700e-02],error: [1 70 2 2 1 2.905760e+01 1123 2.345400e-02 2.755700e-02],error: [1 70 2 2 1 2.905760e+01 1123 2.345400e-02 2.755700e-02],error: [1 70 2 2 1 2.905760e+01 1123 2.345400e-02 2.755700e-02],error: [1 70 2 2 1 2.905760e+01 1123 2.345400e-02 2.755700e-02],error: [1 70 2 2 1 2.905760e+01 1123 2.345400e-02 2.755700e-02],70
1,1,1,1,1,1,1,1,1,1,1,1,1,1,1,1,1,1,1,1,1,1,1,1,1,1,1,1,1,1,1,1,1,1,1,1,1,1,1,1,1,1,1,1,1,1,1,1,1,1,1,1,1,1,1,1,1,1,1,1,1,1,1,error: [1 70 1 0 0 1.564640e+01 1222 -1.865600e-02 -2.744100e-02],1,1,1,1,1,1,1,1,1,1,1,1,1,1,1,1,1,1,1,1,1,1,1,1,1,1,1,1,1,1,1,1,1,1,1,1,1,1,1,1,1,1,1,1,1,1,1,1,1,1,1,1,1,1,1,1,1,1,70
1,1,1,1,1,1,1,1,1,1,1,1,1,1,1,1,1,1,1,1,1,1,1,1,1,1,1,1,1,1,error: [1 70 5 0 1 1.564640e+01 2121 2.171900e-02 2.939200e-02],1,1,1,1,1,1,1,1,1,1,1,1,1,1,1,1,1,1,1,1,1,1,1,1,1,1,1,1,1,1,1,1,1,1,1,1,1,1,1,1,1,1,1,1,1,1,1,1,1,1,1,1,1,1,1,1,1,1,1,1,1,1,1,1,1,1,1,1,1,1,1,1,1,1,1,1,1,1,1,1,1,1,1,1,1,1,1,1,1,1,1,1,1,1,1,1,1,1,1,1,1,1,1,1,1,1,1,1,1,1,1,1,1,1,1,1,1,1,1,1,1,1,1,1,1,1,1,1,1,1,1,1,1,1,1,1,1,1,1,1,1,1,1,1,1,1,1,1,1,1,1,1,1,1,1,1,1,1,1,1,1,1,1,1,1,1,1,1,1,1,1,1,1,1,1,1,1,1,1,1,1,1,1,1,1,1,1,1,1,1,1,1,